# oST version 5.0 parameters


[image]

width
640

height
400

[narrow_stereo]

camera matrix
206.334512 0.000000 313.376232
0.000000 206.270027 196.341567
0.000000 0.000000 1.000000

distortion
0.095938 -0.072188 0.005494 -0.007512 0.000000

rectification
1.000000 0.000000 0.000000
0.000000 1.000000 0.000000
0.000000 0.000000 1.000000

projection
-531.599792 0.000000 189.640675 0.000000
0.000000 -940.140869 231.795018 0.000000
0.000000 0.000000 1.000000 0.000000

